11
35
61
88
116
146
178
212
248
271
301
332
364
399
435
473
513
661
817
981
1069
1160
1287
1389
1496
1608
1725
1848
2013
2186
2369
2600
2842
3140
3453
3781
4173
4585
5067
5725
6419
7149
7918
8897
9927
11072
12339
13030
14413
15935
17535
19289
21208
23300
25262
27646
30151
33643
37318
45760
53731
61168
71004
81375
89121
98351
108055
118253
128965
140214
152022
164411
177408
191036
205322
223231
242029
261755
285656
314061
340508
359491
379307
399989
421569
444085
467572
492069
528398
577572
646381
722617
770807
812201
850845
888271
925239
962193
999414
1037104
1091925
1218305
1303146
1377273
1447291
1515709
1583784
1652249
1721586
1792135
1897238
2073296
2207947
2326365
2438655
2548653
2658276
2768645
2880497
2994355
3113992
3434618
3646113
3833118
4011009
4185618
4359859
4535440
4713479
4894774
5083584
5572304
5893529
6180085
6454112
6724002
6993947
7266410
7543009
7824902
8299404
8892534
9363959
9790283
10201232
10608067
11016425
11429630
11849881
12278765
12682386
13875909
14641191
15326747
15983857
16631940
17280697
17935827
18601077
19279132